20230101
20230102
20230107
20230108
20230114
20230115
20230120
20230121
20230122
20230123
20230124
20230125
20230126
20230127
20230128
20230129
20230204
20230205
20230211
20230212
20230218
20230219
20230225
20230226
20230227
20230228
20230304
20230305
20230311
20230312
20230318
20230319
20230325
20230326
20230401
20230402
20230403
20230404
20230405
20230408
20230409
20230415
20230416
20230422
20230423
20230429
20230430
20230506
20230507
20230513
20230514
20230520
20230521
20230527
20230528
20230603
20230604
20230610
20230611
20230617
20230618
20230622
20230623
20230624
20230625
20230701
20230702
20230708
20230709
20230715
20230716
20230722
20230723
20230729
20230730
20230805
20230806
20230812
20230813
20230819
20230820
20230826
20230827
20230902
20230903
20230909
20230910
20230916
20230917
20230923
20230924
20230929
20230930
20231001
20231007
20231008
20231009
20231010
20231014
20231015
20231021
20231022
20231028
20231029
20231104
20231105
20231111
20231112
20231118
20231119
20231125
20231126
20231202
20231203
20231209
20231210
20231216
20231217
20231223
20231224
20231230
20231231